29794102 100
30423600 99
30976692 100
30573121 100
30185367 100
29225905 97
30876655 100
30248369 99
30014646 99
31740506 100
31838008 100
30688625 100
30466967 100
29689642 100
31194968 99
30353655 99
29165916 100
29086314 98
30217728 100
30787660 100
29888383 99
30795261 100
30718403 100
31377061 100
30159554 99
30586824 99
29770106 100
30565840 100
29847121 98
30006091 99
29758386 98
30080645 99
30157532 100
30817690 99
30455715 99
29955209 100
30341308 99
30742295 100
30338808 99
30204515 100
31427829 100
31064182 100
29936091 97
30307170 100
30452231 99
30661600 100
30709936 99
30897323 98
30359696 98
30198227 98
30321562 100
30516350 99
28205175 96
30805318 100
29818781 99
30633924 100
29505039 99
30080263 99
31129626 99
30104130 99
30589783 99
31271229 100
31178818 99
30357040 99
30614644 99
30020159 99
29915243 100
30381160 99
32067580 100
29925832 97
29740288 100
30836705 99
30203399 100
30226577 99
30370099 99
29382161 99
29955481 100
29190602 99
31082047 98
30190090 100
29906606 100
30634637 100
29626861 98
30709017 100
30013323 98
30526277 99
30685667 99
31077105 100
30067725 99
30157652 100
30209209 99
30047818 100
30449569 99
31115855 100
29663504 99
30843055 100
29769980 98
29906054 99
29849833 98
30396387 100
30515479 99
30938735 98
30307269 100
31168069 100
29722823 99
30697521 99
30076517 99
30488835 99
30989323 100
29910956 98
29864534 99
30460675 97
31500801 100
29490530 98
30502314 99
29473610 98
30252705 100
30934417 100
29869952 99
30805678 100
30779639 100
30354339 99
30385712 99
31106682 100
30436499 99
30232710 99
30020512 99
30018937 100
30788968 100
31025446 100
31028800 100
30354469 100
30654281 99
30845271 99
30716957 98
29592292 100
30143083 100
29664099 99
30768617 99
29192437 99
30053175 99
30249517 100
30300768 100
30487178 99
29192862 99
30755715 99
30519426 100
30524370 100
30300737 99
28939973 98
30043094 100
29797741 98
30244970 100
30263749 100
30144380 100
30378868 100
30193917 100
29712373 99
30694023 100
30315154 99
30993216 100
30345430 99
29958161 99
30528581 99
30732020 99
31233426 100
30982269 100
29464970 99
29729295 99
30594426 100
30570176 100
29911171 100
30950770 100
30774320 99
29839063 100
29586075 100
28904098 97
30109543 99
30906708 100
30734510 99
30346991 98
30586081 99
31444371 99
31011301 100
30307384 100
30675781 100
30438849 99
30900060 100
29986249 98
30658236 100
30398346 99
29660247 98
28936491 98
30681770 98
29585143 98
29821254 100
31428606 99
30036554 98
30272300 100
30473142 99
30512673 100
31382437 100
29842702 100
29299370 98
30305015 99
30698013 99
30423411 100
30659582 99
29507644 98
30514826 99
30032343 99
29631791 98
29741180 99
28952493 100
29704397 100
30092795 99
29990126 99
30337815 99
30176831 99
30422501 97
29321474 98
29599880 100
30310771 100
30176082 100
29665700 99
30799097 100
30816075 99
30484915 99
30859375 100
30142883 100
30711909 100
30925791 100
30223625 100
29564293 98
30967678 100
30680122 98
30452684 98
29676876 97
31021263 100
30714973 100
30085556 99
30370191 99
31015935 99
31166163 99
30482044 100
30425023 100
31121276 100
30540550 99
30437785 100
30370597 99
31109298 100
31126239 99
30394088 98
30607201 99
29638536 97
30444745 98
31248619 99
30607428 100
30828867 99
30241911 99
30039202 100
30923685 100
30235949 100
30122186 100
31236061 100
29492144 99
30118439 99
30891759 99
29945932 98
30689337 98
30184321 100
30687201 98
29834748 98
30146980 99
29969733 98
30741701 100
30537578 100
30896840 100
30230318 100
30473635 100
30430391 98
30591274 100
30717621 99
29768508 100
30261853 100
30792391 98
30169503 99
30531204 100
30364067 98
30869836 100
30847527 100
29902359 99
30967360 99
30922220 100
29773689 99
30915297 100
30241051 99
30330611 99
29445196 100
29245199 98
30442102 99
30718001 99
28971781 99
30286396 100
29618492 100
31035782 97
31013808 100
31369665 100
30524320 99
29852620 99
29981794 99
29951460 99
30010743 98
30952687 100
30173789 97
30911210 100
30681112 99
29725068 100
30229805 99
31197423 99
30203637 99
30219308 99
30146712 99
29786390 99
30814287 99
31267397 100
30029467 99
30198840 99
29984551 100
30228717 99
29486756 98
30886875 99
30743843 98
29503604 100
30533923 100
29787823 99
31421597 100
30460047 98
30261028 100
30702806 100
30584765 100
30287538 100
31320309 99
30702730 100
30799158 100
30422373 100
29558458 98
30277164 99
30452733 99
29789492 99
30904176 100
29712861 99
30328543 100
30094170 99
30123485 99
30631248 99
30590515 100
30261500 99
30490272 98
30850332 100
30223910 100
29351372 98
30353584 99
30814811 100
30604541 100
30364184 100
31146773 100
30336309 100
31017898 100
30479202 97
30589639 100
30948939 100
30831670 100
30958267 100
31063674 100
30679006 99
29520955 98
30371535 100
30936464 100
30579768 99
29661046 99
30958849 98
29681097 98
30654685 99
31058805 100
30410103 100
29371494 98
29206786 98
31086194 100
29746406 100
29723190 98
29757823 98
29550136 99
30524200 100
30700129 100
29672989 99
31060754 100
30903329 98
30370377 100
30729915 99
30902780 100
30540071 99
30230920 100
30370667 100
29301931 100
30880010 100
30584776 100
30521428 100
30000091 100
30906387 99
30709837 100
29969589 98
31214909 98
30326937 98
30934555 100
30352314 99
30317360 99
30687253 100
29825810 100
29846283 99
29877107 99
30108477 99
30544955 100
30707758 100
30371573 100
29869250 99
30214206 100
29956382 99
30483487 100
30298893 99
30188834 99
29885841 100
31059901 100
30013273 100
31619857 98
30811854 99
30074508 100
29863571 99
30357968 100
30292957 100
30008204 98
31196714 100
30957801 100
30002320 99
30707908 99
31403850 99
29908232 98
30510163 99
30672879 99
29262446 99
30052728 100
30223654 98
29186144 98
30895103 100
29647591 99
29527337 98
29206713 98
30044208 98
29560477 99
30093563 98
29946919 99
29274737 98
30640382 99
30267021 99
29699243 97
30532748 99
30386735 100
30893148 99
29128873 98
30982005 100
29595960 99
29888010 99
29152484 100
29491332 99
29436662 97
30014413 99
30419546 99
30935596 100
30290078 100
29319847 99
30086587 98
30606445 98
29919080 99
30145944 98
29933749 99
29873353 100
29736180 99
30847251 100
30162389 100
29749679 99
30588585 100
29800147 98
30205022 100
31007809 100
31416501 100
30181956 100
31434001 100
29874724 100
30033288 100
30317844 100
30179378 98
30533208 100
30330838 99
29322401 97
29894425 99
30532262 99
30480450 99
30511594 100
30254357 100
31351526 99
30171192 98
30552109 100
31087943 100
30636365 100
30373219 99
30648991 100
30302421 100
30571696 98
31270458 100
31179798 98
30832033 99
30337783 100
28529648 99
30467831 100
28943423 100
29118056 99
30502879 100
29703139 97
30420558 99
29655308 99
30110815 99
30182012 100
30901878 99
30052472 100
30175744 100
30153976 98
30478540 99
31587974 99
31091568 100
30748825 99
30752295 100
30646819 100
29968722 99
29754344 99
31366490 100
30948896 99
30362673 100
30735215 100
30801266 99
30942537 100
29329550 99
30343375 100
30739092 98
30632119 99
30856998 100
30151643 99
29647502 100
29787055 99
30072422 99
30133947 99
30105557 99
30765837 99
30446386 100
30792104 100
30558812 100
30579379 100
29399845 99
30362786 97
29899578 100
30812511 99
30746968 98
30743572 100
30317923 100
29737370 98
29847826 98
29450335 98
29961817 98
30154110 99
29891245 99
30878644 100
30116042 99
30037591 100
30313864 97
30695707 100
29946259 99
29281799 100
30327655 99
29608891 99
30486994 98
30130013 98
30825172 100
29721216 97
30233114 100
29934964 99
30074125 99
30562829 99
30184176 99
30622599 98
30204550 98
30385714 99
30750547 100
30505046 99
29750790 100
29659462 100
29871920 99
29954915 100
30968268 100
29768708 100
30842279 99
30396036 99
30747991 99
30837688 100
29855876 96
31251417 100
29893382 97
30648162 99
29160161 100
29917267 99
30149219 100
30729449 100
30171555 99
29288800 99
29954374 98
30164284 98
29419788 99
31191941 100
31424881 100
30352114 100
29352145 100
29357516 99
30143417 98
30805526 99
29323349 96
31231102 99
30205269 100
29630606 97
29128219 100
30458189 99
30835502 99
31257735 100
29660195 96
28983078 97
30125008 97
30531683 99
31130643 99
30963784 99
30992364 100
30458105 99
30429146 100
30579082 100
30395023 100
29755785 98
31333839 99
30884849 100
31474959 100
29751963 99
29243929 98
29441186 99
30919972 99
30014556 100
31079768 99
29892682 100
31224965 100
30896581 99
29418139 99
30468356 99
30716609 100
31157146 97
30174562 100
29631481 98
29955784 100
31554768 100
31604556 100
30676349 100
30634271 100
30058553 100
30924125 100
30058524 99
29468638 98
31419328 100
30028713 99
30386140 100
30052555 100
29711611 99
29308589 99
29205029 100
30527517 99
30329597 99
29665550 99
30458657 99
31277882 100
30291342 99
31028940 100
29679782 99
28933936 97
31132828 99
30835825 100
31631094 100
30049617 99
30421780 99
30767865 99
30478564 99
29832008 98
30144121 100
31220731 100
28669893 99
29685732 99
30071394 97
29803549 99
30985452 100
29840483 97
29922919 99
30057855 99
30980344 100
29896994 98
29445956 98
30826148 100
29597344 96
30597038 100
30336226 98
30135766 99
29997085 100
29908699 99
31017432 100
30820347 98
30153084 100
31081698 99
30227354 99
30436839 98
30262354 99
30884813 100
30561330 99
29812819 99
30198912 100
30618360 100
30259651 100
30273821 99
31009656 100
31012831 99
29617932 99
30508170 99
30147639 100
29260969 98
30829255 99
30833840 100
29149691 99
30851709 100
31379580 100
31052531 99
30930373 100
30766015 99
29480166 98
31435757 100
30417824 98
30468067 97
30850600 98
31129189 100
30104603 100
30291774 99
30646268 99
30383887 100
30046842 99
31418026 100
30266046 99
29659508 100
30385899 99
30866681 100
30677650 100
30182553 98
28906847 100
29484919 99
29397173 100
30292698 100
30985033 98
30047834 99
29592434 98
29895374 99
31661023 100
29400359 98
29831287 100
30126244 98
29870996 98
30177705 100
30965419 99
30359004 100
30852657 99
30570076 100
30783143 100
31002601 100
30262894 99
29320024 99
29779344 99
29706274 99
30837440 100
30673231 99
30459685 99
30169034 100
31176794 99
30497339 99
30632352 99
30722356 100
30792249 100
30759172 100
30283835 100
30943353 100
28845748 99
29942708 98
30413805 100
30443640 100
30249762 100
31343816 99
29812143 100
30945407 99
31275125 99
30610846 100
30561547 100
30125598 99
30463496 100
30814620 99
30708282 99
30294113 99
29668004 98
29719842 97
29771524 98
30749191 100
29814056 98
30213495 98
30442636 99
31066694 99
30429230 99
30444261 97
30189439 100
29758215 100
30700704 100
30430531 100
30887929 100
30741776 100
31062986 99
30855178 99
30249177 98
30664139 100
30904667 100
30469722 100
30698838 99
29967238 100
29815145 99
29263252 99
30989486 100
30425349 100
29996040 100
29156911 98
30646690 100
29360063 98
30150250 99
30279127 100
29978547 99
30899472 100
29708697 100
31171277 100
29719082 98
30472416 98
29110670 98
30300131 99
30359224 100
30296154 99
30343818 99
29402108 100
30199426 99
30142222 99
30677792 100
30537457 100
30569577 99
30250134 98
29037269 100
30097628 98
31029708 100
30313681 99
29515648 98
30627658 97
30002772 98
28940188 98
29785088 99
30463228 98
31008707 100
31128180 99
29530698 98
30010861 100
29561065 100
31249523 100
30112650 99
30763654 99
30757807 100
29079835 99
29752248 98
29707927 96
30431929 99
30115863 98
30852047 99
30220290 99
29940993 99
30268457 100
29893492 99
30975680 100
30317843 100
30562547 100
30599207 100
30783690 100
30846664 99
29893779 100
29686081 100
30449106 99
29626493 100
30359266 99
30478682 99
30022667 99
30819087 100
30059249 98
29813063 98
29527425 99
30357350 99
30137916 99
30738901 99
30439278 100
29870174 99
30295545 99
30242009 100
30132490 100
30240118 98
30954653 100
30414722 98
30560831 100
30272514 98
30597786 99
31050432 99
30353768 99
30549288 100
30414514 99
30906507 100
30263259 100
30969302 100
30887273 100
30178322 100
30294730 99
30697776 100
31625125 100
30571211 99
29958633 100
30510722 100
29978384 100
31072222 98
29242529 99
29610272 98
29505205 98
30604345 100
30666560 100
31339407 99
30298402 99
30380496 99
30574900 100
29696480 99
30041500 99
30802476 100
30270559 98
30581994 99
30036100 100
30433494 100
31593463 100
30277567 98
29549032 98
30141930 99
30532904 100
31561039 99
30334412 100
29793295 99
30155831 99
31509324 100
30072086 99
30248863 98
29314611 100
31752575 100
29873513 99
30710347 99
29413529 99
29867638 99
31547465 100
30217561 97
29471787 100
30840780 99
30163347 98
29821832 100
30770651 98
30506877 100
28899454 98
30051558 100
30552654 100
31185073 99
29041926 99
29799438 98
31259041 99
29543953 99
29992080 99
30030250 98
29978687 98
29907330 98
29406463 99
31655360 100
29840066 100
31364541 99
30898418 100
30516977 100
30860662 100
30289510 99
30241947 99
30984543 100
30078353 98
29810625 100
31029362 99
30781685 100
29612611 98
30373357 100
31211300 100
29301248 99
30153078 99
30778389 99
29480392 99
30580244 99
30407759 100
30654112 99
29233012 99
30690328 99
30632880 99
30630382 100
30754455 99
30052296 99
30796444 100
30608642 100
30264363 100
30144681 99
30750546 99
30669775 99
30308224 98
29502979 98
29555631 100
29464941 100
30510292 99
30681645 100
30609820 100
30560709 100
29922429 99
30732858 99
30928389 99
30247636 98
29508698 98
30479020 99
30340201 100
29259022 98
29389328 99
30480567 100
30069208 100
30452244 99
30180925 98
30058073 100
29538216 96
31261240 100
29794919 99
30706464 100
31051006 99
30405695 99
30428338 100
29360895 98
31225651 99
30290338 99
30732109 99
31764818 100
30037437 100
30083611 99
31003147 100
28850278 97
31133107 100
29846374 99
30039282 100
29903194 98
31033582 99
30439762 100
28880447 98
29556288 100
30573292 98
30121155 99
30592247 100
29917325 99
30144664 100
31886241 100
30478572 99
29067384 98
30532698 98
29836279 99
30919056 100
30668843 99
30756294 99
29825624 100
30373793 99
30717136 99
30152989 99
30028706 100
30204389 99
29847351 99
29891911 96
30169765 99
30201974 98
30596122 98
30676663 99
30581975 100
30825284 99
30362192 100
30830449 99
30265309 100
29334493 98
30170085 100
30408681 99
29963408 98
30552789 99
30637688 99
30401271 100
30712703 100
29902297 99
29613670 100
30064742 100
30770674 100
31172677 98
30603404 99
29726944 99
29505010 98
30327692 100
30730028 100
28877061 97
30172819 99
29935415 97
30294878 99
29904100 100
29953743 99
28450597 99
30005451 99
29173024 98
30116454 97
30921941 99
30015363 99
29974851 100
30268644 100
29927322 99
30231526 100
29737816 99
29810567 100
30695079 100
29011147 98
28972494 99
30308964 100
30518028 98
30567225 100
30939081 100
29463835 96
29315227 99
31867838 99
30052664 99
30044228 97
29524305 100
30787322 100
30291570 99
30740600 99
30318532 100
30722937 99
29491503 98
30843336 100
30775360 100
30762597 99
29373339 97
29444555 97
29048324 98
29670906 99
30588822 100
29756751 99
30850568 100
30410203 100
29888728 99
29747447 100
30559492 100
30545253 100
29864039 98
29892383 99
29708529 99
31147505 100
29795772 98
31009243 98
30248125 99
30322815 99
29703778 100
31016458 100
30324319 100
30147094 99
29570860 98
29291107 98
31194156 100
30348641 100
30333431 98
30431716 99
31232611 100
30230691 99
29589785 98
30299822 99
30227148 100
29975404 99
29709760 100
30797728 98
29430601 98
29487620 98
30179494 100
30603793 99
30787385 100
29779529 100
31481363 100
29946015 98
30347021 100
29489000 99
29642698 100
31233442 100
31018648 99
30294600 98
30606267 100
30110840 98
29877013 100
29922558 100
31361594 100
30003882 100
29598137 100
30183088 100
30174705 99
30955971 100
30960287 100
29539717 99
30196247 100
30439911 100
31182178 99
29624890 98
30315471 98
31202604 100
30699325 98
30319992 100
29453161 98
29952735 99
30780946 100
30000906 100
30430944 100
30495364 100
29978488 100
31230798 99
30669126 100
29851386 98
30402130 99
31082249 100
30147744 100
29371244 98
30196659 99
30062555 100
30292043 99
30925831 100
31241924 100
30876682 100
30423629 100
30436841 100
30008379 100
30755227 100
30164924 100
30507817 97
29694774 97
30420179 100
30587674 100
29540167 98
29501627 99
31153091 100
29631785 98
30342083 100
31003031 100
29642072 99
30167188 100
31425978 100
29543207 98
31338294 99
30796386 98
29657649 99
29994609 98
30200846 99
29814932 98
30942166 100
31369489 99
30949029 99
29516137 100
29735250 99
30909788 99
30515983 100
30853166 98
30411206 100
29675639 99
30595688 100
29000747 98
30638278 99
30795384 100
29615330 98
30730071 99
30738490 99
28169103 100
30298703 99
30942024 98
31076534 99
31186220 99
31042028 100
31179556 100
30623888 100
30151567 98
30759342 100
29530582 99
30801736 100
30829226 100
30865842 99
30058648 100
31239071 100
29286376 100
30933590 100
31076824 99
30671566 100
30148420 98
29712797 98
30593338 100
31569123 99
30129820 99
29935806 100
30539525 99
30138548 100
30514835 100
30295558 99
30838650 99
29707352 99
30239626 99
29533510 97
30724085 100
30290316 99
31062186 100
28955142 96
30487516 100
30557893 100
29857086 97
29541150 100
30074174 98
30481452 100
30783700 100
30478170 99
29769232 98
30319648 98
30861689 100
29484096 99
29644283 99
29174404 98
30386823 100
30438988 100
29647018 99
30625314 99
30937559 99
30528029 99
29305332 98
30107864 99
29164281 98
30741648 99
30385644 98
30183117 99
30528321 100
30716855 100
30937069 99
30461730 100
30524575 100
30371447 99
30431626 100
29187539 98
30810645 100
30064917 100
30348426 98
30296155 100
30826679 100
30486404 100
30503916 99
31106131 100
30833128 99
31254127 99
30152825 99
30348628 99
30346741 99
31077510 100
29955913 98
29383523 98
30155869 99
29385619 99
30097602 99
30127448 99
30328638 99
30069110 100
30362703 100
30361498 100
30248842 99
30001371 97
30809494 100
30528036 100
30333821 100
30521055 100
30582601 98
29597590 98
30449158 100
30583621 97
30282967 99
30376109 100
30133443 97
29958459 99
30303643 100
31081584 98
30135938 98
30440420 100
29902263 99
30099271 99
30665769 100
30885193 99
30919942 100
29596464 100
29859517 99
30555951 100
30953173 99
28689948 97
29786526 99
29728468 98
30972169 99
31059760 100
31065074 100
30677504 100
30192573 99
30828192 98
30260459 99
29635023 98
29813573 99
30538891 99
30190379 99
29551486 99
30404852 99
30908522 100
30898922 100
30242271 100
30140730 99
29568047 98
29971807 99
30030434 99
31070918 100
29922175 99
30324970 100
30434143 100
30903174 100
29818569 100
31267567 100
29967234 98
30872514 100
30241299 99
31519117 100
30159833 98
29789113 99
30054730 99
30688751 100
30636787 99
30549609 100
30723544 98
30215250 99
31101956 100
30853332 100
29824984 100
31014684 100
29661942 99
29593736 98
30612070 100
30139809 99
29878287 100
29551454 99
29849797 99
31077269 99
29490836 98
28969415 97
30138224 99
30325710 100
30428855 100
30712718 100
30173992 100
29388652 99
30335668 99
30223223 98
30290267 99
30525039 99
29826227 99
30989148 100
30888153 99
30554611 99
30816890 99
30480847 99
30461336 100
29654517 98
30941962 100
30228659 99
29927622 98
30119840 99
30422932 99
30814798 100
30776881 99
30135800 99
30441273 98
31585317 100
30331021 100
30308915 99
29769482 99
30966116 99
29412375 99
29538130 99
30460482 99
30792875 100
30255457 99
30491493 97
30710440 99
29304233 98
30567093 100
30436979 100
29589455 98
30646610 98
31292696 100
30194935 100
30166793 99
30167210 99
30029803 98
30446605 100
29507023 99
30513494 100
29206819 97
29994208 99
30413394 100
29899130 99
31230122 100
31019286 99
30224193 99
31402745 99
30184292 100
31502690 99
29879178 97
29714074 97
29972172 97
30011104 100
30415830 98
30653073 97
30817045 100
30667895 98
30577467 100
30271289 99
30953804 98
30184568 100
30551910 99
30414486 99
31208569 100
30951675 100
30958993 100
29444507 99
30440817 99
30248872 100
29948557 97
29867821 99
29378667 99
30506356 100
29389453 100
30262285 99
30559522 99
30262620 100
30770393 99
30486545 98
29624310 98
30054968 99
30867850 97
30602392 100
29596401 99
30588418 99
29716145 100
30560651 99
31199687 99
30541996 100
30259711 98
30641386 99
30242812 98
30558098 100
29416988 97
29245996 100
31689031 100
29998424 97
29441177 99
29556721 99
29983419 97
30818367 99
30790790 99
29830058 99
29972187 99
30421422 99
29609798 97
30056583 98
30376785 99
31059418 100
30619645 100
30063662 100
30231908 99
31675374 99
30132340 100
30502964 99
29958395 98
30735529 100
31250205 100
30638287 99
30254138 99
30051454 99
30282348 99
30562810 100
30451152 99
30581658 100
30720319 99
30333455 100
30051580 100
29500160 98
30525500 98
29790611 98
29607583 98
30084202 99
30858312 100
29820140 98
30499450 98
30385591 99
30011543 99
29871817 99
30319494 100
30990201 100
30504484 100
30694338 100
30490221 100
28529111 97
30151667 100
30240811 99
30597191 98
30740695 99
31079242 98
29801242 97
30627791 99
30037013 99
29742775 98
30161179 99
29565349 99
30595976 100
29665246 98
29533744 100
30465840 99
29820763 98
31341370 100
30330784 98
29325934 98
29173735 97
31126780 99
31223608 99
30534929 100
30968374 99
30627974 100
29747506 98
30308342 98
29808653 97
30614797 99
30572712 98
30659733 100
30466177 100
31195662 100
30067188 100
29524618 100
29728607 100
30899847 100
30756212 98
30061551 100
30673981 98
29178144 97
30178384 99
30119679 97
30271668 99
30923469 99
29430056 99
30076066 100
30646373 100
29849417 97
29695091 99
28793239 99
30286542 98
29745883 98
30198835 99
29879354 100
29995592 97
29942328 100
29977417 98
30129896 100
30325166 100
30059389 99
30012414 99
31085479 100
31035257 100
29749680 99
30031638 98
30803516 100
30223378 99
30225831 99
30386546 98
30173505 98
30821656 99
30311547 100
29633809 99
30592637 100
30545166 100
30002915 98
30306337 99
30342804 100
30066875 99
29924009 98
29893896 100
30703302 99
29975587 99
30783665 100
30520655 99
30549100 100
30056062 99
30269812 100
30770806 99
30064281 98
29640335 98
30021243 100
31054013 99
29421945 100
30961334 100
30263322 100
29889848 97
29916211 100
30100170 98
30852450 100
30436517 100
29812730 99
30458532 100
30253163 99
29541975 100
30626738 100
29827397 99
29201703 99
30665123 99
30351855 100
30131575 97
30918680 100
30526648 100
29433529 98
31213201 99
29110479 99
31295795 99
29733900 100
30563746 100
29722081 96
30224428 100
30298921 99
29100004 98
30500202 99
30955501 100
30143386 100
30206041 99
29764252 98
30407270 98
30371052 100
29885880 99
30098107 99
30785761 99
30794379 99
30131185 99
30216616 97
30667932 99
30550572 98
30075029 99
30825772 100
30235079 100
30396207 100
31417498 100
30607839 99
30064199 98
30965387 99
29865948 99
30449840 99
31332804 100
30877799 98
30161282 100
30723445 99
29446057 98
30153478 98
29752931 100
30567956 99
30253146 99
30178251 99
31315595 100
30057234 100
31129498 100
31600090 100
30203155 99
30403462 100
29672692 99
29842804 99
29529988 98
30567871 100
30137109 99
29585256 99
29679423 99
29147536 99
29856897 100
30393738 100
29486339 98
29204233 99
30502867 99
29239531 98
30424180 99
29758834 99
30217461 98
30488190 98
30278627 100
29767526 97
29793629 99
30282111 97
30201822 99
29753031 98
30134818 100
30565735 100
30639839 100
29228964 97
30182964 100
30954013 99
30036431 100
30599863 96
31200335 100
29534075 100
30364278 97
30177781 100
30936507 100
30425762 99
29870007 99
29465242 100
30836570 98
30637020 100
29306778 98
30831262 100
30499693 98
30082274 99
30068318 98
30127734 98
30181573 100
30577641 100
30340236 100
30371554 100
30198550 99
29861041 99
31072169 100
30357522 100
30378837 100
31386907 99
29396512 99
30629765 99
29867267 100
30581348 98
29591341 98
31151695 100
30283045 98
29488096 99
29988265 99
30700413 100
30714910 100
30692963 99
30346754 100
30812197 100
30625876 99
29395340 99
30676703 100
29051684 98
28555755 98
30389271 99
31124810 99
29796928 100
30456126 100
30151876 100
29745668 98
29252617 98
30089030 99
30656744 100
31133672 100
30031996 98
29655849 99
29653129 99
29935827 98
29857342 100
30277044 100
30488306 100
31300407 100
28803533 97
30232137 99
30509570 100
30763240 99
29604919 100
30633977 100
30564053 100
31631751 100
30335172 100
30274249 100
30956344 100
30939730 99
29219876 99
29791077 99
30029872 99
29691906 98
29385025 99
30272104 100
30725454 100
30580348 99
30403124 99
29954148 97
30277256 98
29580896 100
30165172 99
29692629 100
31495505 99
30332597 99
28571625 97
29725190 100
29742096 100
30943358 100
30140628 100
30347339 99
30459620 99
30856514 100
31165792 100
30422535 99
30337149 100
31580718 100
30515406 100
30397709 97
30071574 99
30921173 100
30226589 100
30316821 99
30727365 100
30601833 98
30164838 99
30678057 99
30857122 100
29773200 99
31074956 100
30529113 100
30565184 100
29938469 98
30195623 100
31343505 100
30663028 97
30883285 99
30712776 100
31159620 100
30923846 98
30164998 100
30523462 99
30464345 99
30673131 100
30041327 99
29047156 98
30148534 100
29523633 100
29739050 99
30628511 98
29944062 100
30679735 98
31233248 100
31730605 100
30010633 100
30433548 99
30430530 99
30137186 99
30198078 100
29918533 98
29979424 99
30010068 98
29781880 97
31117147 100
30167721 100
29381500 99
30490915 100
31020973 100
30395974 99
30300968 100
30356943 100
29602534 98
30409524 99
30759599 99
30614342 100
30413208 98
29899799 99
30150732 100
29609096 99
30698628 100
30234657 100
30487850 100
30035446 99
29739266 97
30535100 100
29858925 99
31499936 100
30699045 100
30297393 97
29630678 99
29474376 98
30053888 99
29686888 98
30234189 100
30594022 100
29352834 98
30054267 99
29871663 99
29528418 98
30456456 100
29415261 98
30864945 100
29506295 99
30243958 98
29697082 100
30421052 100
29749140 99
29131608 98
30880922 100
29657855 100
30476677 98
29999511 98
30192660 100
31097778 100
30610423 100
30558615 100
30114835 97
30816253 100
30825794 100
30794223 99
30646502 100
30605077 99
31014320 98
30424273 99
29426439 100
30588683 100
30193124 100
29581667 99
31212536 98
29932682 100
30444494 98
29068098 100
30206762 98
30929897 99
30008503 98
29336424 100
31187394 100
29879137 99
31159495 100
30504976 99
28626713 99
30191858 98
29944989 99
30361640 98
30380038 100
29430156 98
30345296 98
31280145 100
30575831 100
30818380 99
30015524 100
29578906 99
30169073 99
29623228 99
29699687 100
31395946 100
31197394 99
29938816 100
29525251 98
30891626 100
30271387 100
30273005 99
30067511 97
30467003 100
29855773 99
31281702 100
29901112 98
30411405 100
30958746 100
29938039 99
30864585 100
30648376 100
31354267 99
30685829 100
29202019 97
30908670 100
30687173 99
29559169 97
30392390 100
30968279 100
30449108 100
30190434 100
30363695 98
30168297 99
30665035 100
30828744 99
29652951 99
30084581 98
31219299 100
30388069 98
29556040 99
29601914 99
30165135 99
29906258 97
30749720 100
31012429 100
30623595 100
29348631 100
30580296 98
29875458 100
30555033 100
30219567 99
30283777 100
31348991 100
29676945 99
29922064 100
30993195 100
29696245 99
30560064 100
30921538 99
30607331 100
30578293 100
30581834 99
31145222 100
29663106 98
29231302 99
30327288 99
30154137 100
30206384 99
30804559 100
29861775 98
29985907 98
29997384 99
30820129 100
30954433 100
29857742 100
29623403 100
30205345 99
30297613 99
29982433 99
30763638 100
29897555 100
29857291 100
29368198 99
30575475 100
30128821 97
30296369 98
31230814 100
30523709 99
30701088 98
31183476 100
30467861 100
29998223 100
30350190 99
31028277 100
29685781 100
30490398 100
30315610 100
29959937 98
30428595 99
30290835 99
29392539 99
29375956 99
29382426 98
30065301 96
30620827 99
31067322 99
30484468 99
30989008 99
30172352 99
31033719 100
30617528 98
31043461 100
29809880 100
30117730 100
29974836 100
29987731 100
30483418 98
29986537 98
30278927 100
31203151 100
29712338 98
29693408 99
29614059 98
29531517 99
31096410 100
29772682 99
30682641 99
29614963 100
30738170 100
30250438 98
30818930 98
28856745 99
30213725 99
30914223 97
30560329 100
30628811 100
30813654 100
29796485 100
30772627 100
30200671 100
30145099 100
30539498 100
30497279 100
30626226 100
31739866 99
28637926 97
30987279 99
30587645 100
29262707 98
31616445 100
29052426 97
30170357 100
30340921 99
29168763 99
30240443 99
30421155 99
30776934 100
30371139 100
31114581 98
30972432 98
31563277 100
30332555 100
30707189 99
31668804 99
30544551 99
29596601 97
29823080 98
30169013 97
29797022 99
30558391 100
30287327 100
30355798 99
30246211 100
30221903 99
30743927 100
31201913 100
30796520 100
29916656 99
30467108 100
30357785 100
31185720 100
30107506 99
30122663 99
30946638 99
29485396 98
30226050 99
30719864 100
30223465 99
30211931 98
30642521 99
29909386 99
29729269 100
28991023 96
30638073 99
30321355 100
30397741 100
30410028 100
29209058 98
29242118 100
29551636 99
30151347 100
30847736 100
30725765 99
31632869 100
29924532 99
30013007 97
29756676 99
29906732 98
29975383 99
30479335 99
31048926 100
31206656 100
30486045 100
30319076 99
29919026 99
30698865 100
30337149 99
30169989 99
30008475 100
30013639 100
30856230 100
30874024 99
30428255 100
29968381 98
30404924 99
31258785 100
30510913 99
30386371 99
29924716 99
29860886 99
31049142 100
30568850 100
29796294 100
31409004 97
30735901 100
30031635 99
30344391 99
30006850 100
31058639 99
30827262 99
31122393 100
31246645 100
29673368 99
29242553 99
29922540 98
29804268 98
30126718 99
30627244 100
30237560 99
31106108 98
30562540 99
30262085 99
29067905 99
30451527 100
30875236 99
29763102 98
30714012 99
30063750 100
30509632 100
30267144 100
29613983 99
30427627 99
30864121 100
30184557 99
31258546 100
29881058 99
30323508 97
30557355 99
31342383 100
30033733 99
29905143 98
30333050 97
29104290 99
30066808 99
29686181 99
30720543 99
30077692 99
29063282 100
29002937 99
30066183 99
30111560 97
29902559 99
30977565 100
30483730 100
30091711 99
30292193 99
31008768 100
29738788 100
31025420 100
29153091 97
29801414 97
31059684 100
29590734 98
31055223 99
30162246 100
29960125 99
30982050 99
30862725 100
31050819 100
31052194 100
30370843 100
30756436 100
30230282 97
30268541 99
30553650 99
30337693 98
30613555 100
31315718 100
30337196 100
30877991 100
29458375 98
30535931 100
30740640 99
30175198 100
28955262 99
30237649 100
30903955 100
30428266 98
29611373 99
30423191 97
31147466 99
29776459 98
30543078 100
30417393 100
30511787 100
30682304 99
30110876 99
29558606 99
30686031 100
30900301 100
29962370 100
30789646 100
30136327 99
30508643 99
29453356 99
30931087 100
30527775 99
31406518 100
30177021 100
31302019 100
30328734 100
29943524 100
29939173 100
29725557 99
30188579 100
30905911 99
30818544 100
30234604 99
29951881 99
30943396 100
30545202 99
30819689 100
29875180 99
30315071 100
29898576 99
30436032 99
29953769 100
30725317 100
30267310 99
31219689 100
30048218 100
31057776 100
30983373 100
30043475 98
29918994 99
29676601 100
30865117 100
29800332 100
30677001 98
29741930 99
30849793 100
30814409 98
30175269 100
30466646 99
30242898 100
30449185 99
30620283 99
30779772 99
30673957 98
29990720 100
30250050 99
30953578 99
30449036 100
30890431 98
30608394 100
30054405 98
30341413 100
29287586 98
29736119 99
30896483 100
30586835 98
30135288 99
31122205 100
30972646 100
31413841 100
29745825 100
30576773 100
30317647 100
29910932 99
30524074 100
30294876 100
30041951 100
29710937 100
29566315 98
31581914 99
30405080 98
30123517 99
30441656 100
29860923 98
30166058 98
30687001 100
30310736 99
30638994 99
30017838 99
30076736 100
30072093 99
29006075 96
30657246 100
30457244 99
29578138 100
29951495 100
30872897 100
29896681 99
31043948 100
30610178 100
30072791 97
30538156 99
30568271 99
30431086 99
30592884 99
29802215 99
31170977 100
31500910 100
29754296 100
30203467 98
31146872 100
31025752 100
31670764 100
29454609 99
30964094 99
31255195 100
30745479 100
29077987 98
29748596 99
30232785 100
30385369 99
29965789 100
30722916 99
30392499 99
31198389 100
30433155 100
28922377 99
30276521 100
30450471 100
29175052 100
29442592 99
31443192 100
30637900 99
30630937 99
31480537 100
30264397 100
30521696 100
31287927 100
31149423 100
29240694 100
29892947 97
30082337 97
30854890 100
30317082 99
29491041 97
29944935 99
30901126 99
30935056 100
31135905 100
29923102 99
29300556 100
30753843 99
30394263 98
31240482 100
30586889 100
29879235 98
29712997 99
30629003 100
30937075 100
30214812 99
30198021 97
30521324 99
30294396 100
31087909 99
30999664 100
30433600 100
30894795 100
30839413 99
30658930 100
30441273 99
30369341 99
30589253 98
29530705 99
29577882 99
30891564 100
29624291 98
30542230 100
30291756 100
30580446 100
31634213 100
30658743 98
30201251 100
29881237 100
30152660 99
29959455 98
30610858 99
29965021 99
30284771 99
29880939 98
30916997 100
30618332 97
30278702 99
31344531 100
30863715 100
30447056 100
31102656 99
30452306 98
30697819 100
30051775 100
29311341 99
30224072 99
29970455 99
30461035 99
30379805 100
28815328 97
31077667 100
30658235 100
29894574 98
30348346 98
31237688 100
30645245 100
30355938 98
30225759 98
31071312 99
30658200 100
31247430 100
30399767 100
30486864 99
30896046 98
30492750 100
30739870 100
29235210 100
30464499 100
30664997 100
30300065 100
29651308 98
29675314 100
29749504 99
31108036 99
29975080 98
30024929 98
30398590 100
30231664 100
30943935 100
30537586 98
30192492 100
30406555 99
30724581 100
31013667 100
30638807 100
31044222 100
31450196 100
30303683 99
29630937 97
30990865 99
30589876 100
30555140 99
29674355 99
30109084 98
28964869 97
31291191 99
30100760 100
30117238 100
30709788 100
31169913 99
30594292 100
29483403 98
30093314 100
30209918 100
31053222 100
30185286 100
29344800 98
30485161 99
30372358 98
29575121 96
31181879 100
30221883 100
29978497 98
30132387 98
30658919 99
30287491 98
29871835 99
30367749 99
30288321 100
30197895 99
30963342 100
30400705 100
29964433 99
30640384 100
30062170 99
31368532 98
30427130 100
30236523 98
29483855 99
30329238 98
29457778 98
29979410 100
30322160 98
29533944 99
30649147 100
29920610 99
29684396 97
29966240 98
30722844 99
30199525 99
30253191 98
30412151 100
29188664 98
30496711 99
30504678 100
30265272 99
30012185 98
30078687 99
30372164 98
30014754 98
30632010 98
30541900 100
30060580 100
31463562 100
28831195 99
30738509 99
30646655 100
30105877 99
30491178 100
30980969 99
30702068 100
31239656 99
29540748 99
29301758 100
30103285 100
30109936 99
30283368 99
31347785 98
31105735 100
28769576 98
30914178 99
30411116 99
29610889 97
29440748 98
30291853 99
30183529 100
30271606 100
29285088 97
30827280 99
30315518 99
29018138 99
30373922 100
30332493 99
30623856 99
30558385 100
30192026 100
30435814 100
30046515 99
30847338 100
30383676 98
30622135 100
30909792 99
29678147 99
30833807 100
30977953 100
30297321 100
30545845 100
30450220 100
31103236 99
30405577 98
29329648 100
30531512 100
31248209 99
31035283 100
30407258 99
30685124 100
29655107 99
31401903 100
30150442 97
29816057 100
30696046 98
30622604 97
29173836 98
30067382 99
30007703 100
30113344 100
29190316 97
30648619 99
30466472 99
30428649 100
30961458 98
29140902 97
30437842 99
30806417 100
31615297 100
30531205 100
29609692 98
29337557 98
29908088 99
30293695 100
30460161 100
30368394 100
30049952 98
29148033 99
29942705 98
30764102 100
29824645 97
29703869 98
30567839 98
30725668 99
30455440 100
29696964 100
30206209 99
31458799 100
31254938 100
30278500 99
30074539 99
30720442 100
30227157 99
31173747 100
30649521 100
30160227 99
29814190 100
29741320 100
30972377 100
29900580 100
30962474 100
30903300 100
30045964 98
30454478 100
31237890 100
30149945 99
29969619 99
30363642 98
29692452 100
29336111 98
31009829 100
31511597 100
30555519 100
31151316 100
30458205 99
30081885 99
30248869 99
31548811 100
30777349 99
30559118 100
30478981 100
29761399 100
30843496 100
30119436 98
30418207 99
30818419 100
30273291 99
30548358 99
29979530 99
30652009 99
29316570 99
28989612 98
29638089 99
30357326 100
29104575 98
30207513 99
30865877 100
30493036 99
31155335 100
30041759 99
30551526 100
31300677 100
30423758 99
29374408 98
30380214 100
30222882 100
30071274 100
30910238 99
31084288 100
30406538 99
31526985 100
30128556 98
30247279 99
28838219 99
29518543 99
30250661 100
30594902 98
30918125 100
30020754 99
31244216 100
30444029 100
29867150 100
29961901 97
29592637 100
31067341 100
31141410 100
30962872 99
28642542 98
29609102 100
30256126 100
29974212 98
30170330 99
29896807 97
30848274 98
30880810 100
29498131 99
30592545 100
30174115 99
30041827 99
30083454 100
29507127 99
30708829 100
30802263 99
30251026 98
30513538 99
30509154 100
30196272 97
29687274 100
30077233 99
30501377 99
30008014 100
29675945 99
28703491 97
31138263 100
30079683 99
28874024 97
30917473 100
29809647 99
30001353 99
31106958 100
29741813 98
31072942 100
31075242 100
29695239 98
29616097 100
30759312 100
30675031 100
30345907 99
30374705 99
29071932 100
29604213 98
30380152 100
29507628 98
30115024 100
29769969 98
30060209 100
30236491 100
29653371 98
30411715 99
30704411 100
30286274 98
30269141 99
30052362 97
31354817 99
29911364 97
30332673 98
31116809 100
29986112 99
30533029 100
29559019 98
30230550 97
30004795 97
30856691 100
29536102 98
30788890 100
29549807 99
30113682 98
30238932 98
30886111 100
30514541 98
29646828 98
29080759 99
29689968 99
30738881 99
30432606 99
30893221 100
30335010 99
29671347 98
30887172 100
30044025 100
30552272 98
30279141 100
31048589 99
31269227 99
29420344 100
29982902 97
30681163 99
29617833 99
30332955 100
30162911 99
31141812 100
30940854 100
29942394 98
30089686 99
30503137 100
30233596 99
30122767 99
28816486 97
31258617 100
30571320 98
30437566 100
31015332 100
30979514 100
30034933 98
29673068 98
31432557 100
30518073 98
29985646 99
30614633 99
30511753 100
30198757 100
30092137 100
30418233 100
30333093 100
29190570 97
30184493 98
30136847 100
29900240 99
30441796 100
31144162 100
30389948 99
29992543 99
30161336 100
30907283 99
30243976 100
30745636 100
31394925 100
30033647 100
31273569 100
30010223 97
31029420 100
31202697 100
29162122 99
30983342 99
30947508 100
31109093 100
30605273 99
31089081 99
31362059 100
30392655 100
30261558 99
30520272 98
29709844 99
31228416 100
30740804 99
30088773 99
30018316 99
30467786 99
29033553 99
30506290 100
30726402 100
30371152 100
29368985 98
31162532 99
30670893 100
30408802 100
30713220 100
30013392 100
30256239 99
31262448 100
30520094 100
30262909 99
30399625 100
30743432 99
30466199 100
30493732 98
30548401 100
30260661 99
29930650 99
30811112 100
30599243 100
30100539 100
30963625 100
29409821 100
30386945 100
30022827 99
29922932 99
30755028 100
30717727 99
30080236 100
30688313 99
31143996 100
29407610 99
29646561 99
29619010 99
30380702 100
30731704 100
30189016 99
30173775 100
30529357 100
30769942 98
30220050 99
29845889 97
30588393 100
29624200 98
30762972 99
29785252 98
30226064 99
31641270 99
30495689 99
30193079 99
29776299 99
29129128 99
30422301 98
30941975 100
30243194 98
29247245 99
31138683 100
30779349 100
29588694 99
30215427 98
29651621 99
29566292 100
30484223 99
30303592 98
29632018 97
30516019 100
32158383 99
30146296 98
31145340 100
30584817 99
29478151 96
30833448 100
30285042 99
30214797 100
30788921 99
29876321 99
29716045 99
29847491 98
30286920 100
29726176 99
30238514 100
30918571 99
29917052 99
30564364 100
29964668 98
30028141 100
30118464 98
29852222 99
29908693 99
31044609 99
30424579 100
29919450 98
30551643 97
29786353 99
29745950 100
29899157 100
31550299 99
31088775 99
30393454 99
29872122 100
29795157 99
30291029 99
29166956 98
31046413 100
30237518 100
31208829 100
29697923 99
29593500 99
30964322 100
31401094 100
30752175 99
30771712 100
31043674 98
31003256 100
30445016 99
29349816 98
29949638 100
29844206 99
30336541 98
30443072 98
30922280 100
29937835 99
30207774 99
31217788 99
29926148 99
30641531 100
30056043 99
29907730 100
30633937 99
29890871 99
30775675 99
30988179 98
31375030 99
31032640 100
30765348 100
29600532 98
30642602 99
30567281 100
28898176 98
31625096 100
30358852 100
30473746 100
30774458 100
30433391 100
31093519 100
31064830 99
31101887 100
29853550 100
30482704 98
30500683 100
30216253 99
29659735 99
30354885 99
30766691 99
29791165 99
30616958 99
30157089 99
29631289 99
30702233 99
30624953 99
29626624 97
29878370 96
31111145 99
29957839 98
31051373 100
30937365 99
31600590 100
30742473 98
30136979 98
30498695 99
28957391 98
30594079 100
31333568 100
30369295 99
29600309 99
30223587 100
30060797 100
31357925 100
30661056 98
29874410 99
30496954 100
31039260 100
29997862 98
30208676 100
30616929 100
30427071 100
30215591 100
30214599 99
30132859 100
30757968 100
30491359 99
29270436 98
30601495 100
28990817 98
30796562 100
30995056 100
29733736 98
30210633 98
29645060 100
29951128 99
30436480 98
29807979 100
30205746 98
29893695 100
30783518 100
30111093 100
29498246 98
30558062 99
29954241 99
30666264 100
30764321 99
30281792 98
29680616 100
30344719 99
30466405 100
29610194 98
31106249 100
30695811 100
30755390 100
31037900 100
31089461 100
30960915 97
29587282 96
30093364 100
30855186 100
30275868 100
30540605 100
30316713 100
31397440 100
30682211 100
30422645 96
30895391 100
30254409 100
29435239 98
30450771 100
31697121 100
28756372 97
31252864 99
29537764 99
29584806 99
30567796 99
30297760 99
30787434 100
29628628 98
30603041 100
29690489 98
30199790 99
31647130 100
30626668 99
29702186 99
30239998 99
31414459 100
30824148 99
30186188 96
30210108 100
31410059 100
30159866 99
29586221 99
30355469 100
30060187 99
30166938 99
30907737 100
30367939 100
30041742 99
30302281 100
31255556 100
30812402 98
30285577 98
30968291 100
30122417 99
30596065 100
31116426 99
30736723 100
30383019 94
30588684 100
29744000 99
30983352 100
30152363 100
29244644 99
30257546 100
28788568 97
30002338 98
30667587 100
29359973 97
30061900 98
30544778 100
31172847 100
31271764 100
30587287 99
29696339 99
30411430 99
30413134 100
29696366 98
31232784 100
30004934 98
30014217 99
30004642 100
29924056 98
29691567 99
30831985 100
30154002 100
29975137 98
30674396 100
29706950 100
30237725 99
29626992 98
30411162 100
31285847 100
30180056 99
30738092 98
30200285 99
31411095 100
30899133 99
30172543 100
30654459 99
30111611 100
30437543 100
30495062 100
29299999 98
30740219 100
30424832 100
30328432 99
30992697 100
29763711 99
30042371 100
30679208 100
30048398 97
31044137 100
30803029 100
30978683 100
28752007 99
29737078 99
30243997 100
29736120 100
30651991 99
30625706 98
31131335 100
30550440 100
30581629 100
30839752 98
30191661 100
29866488 99
31006248 99
30977233 99
31113388 100
29884629 99
29928666 98
29763416 100
29653356 98
29832109 100
30454817 99
29161760 98
30553083 99
30603999 99
31669474 100
30858036 99
29908308 98
30084293 100
29472156 99
30855747 100
30645368 100
29998132 99
30269750 98
30650597 99
30777386 100
29875499 98
30470575 100
29911915 99
30704498 100
30247547 99
30474250 98
31069050 100
30704871 100
30359588 100
30367854 99
30495663 99
30179040 100
30078267 98
30302352 99
30294881 99
30381293 100
30212192 100
29967280 99
30036918 100
31071463 100
31099699 100
31045672 99
30309931 99
31212799 100
30568799 100
30798483 100
30695871 100
31039755 99
30331124 99
29432371 99
30280428 99
30085851 99
29883088 99
30328611 99
29930365 100
31264676 99
30087574 100
29905784 99
30328696 100
31005307 100
30524306 99
29973306 98
29924502 100
29317521 96
31177108 100
30593009 100
30536846 100
30360247 100
30417431 100
29936233 99
30584744 100
29954946 100
30940862 100
30194601 100
30083547 99
29770343 100
30650406 100
30259096 99
30834834 98
30487735 99
29758027 96
30100257 99
30780631 100
29516022 99
30956490 99
29498379 98
29632380 99
30718514 100
30706143 99
30195198 100
30647542 99
30656083 100
29553333 100
30502569 99
31107041 99
30580373 99
30307246 100
30073997 100
29760528 99
31601609 100
30222595 100
30272472 100
30556553 99
29305489 97
30601687 99
31403017 100
29549193 100
29074707 99
30974537 99
30392730 99
29773146 100
30332273 98
30323064 99
30646925 99
30393140 99
30937146 100
30652561 100
29739137 99
30202052 97
30696890 100
30062200 99
30255511 99
30428567 100
30888889 100
30071917 99
30145531 99
30221532 100
30519817 100
29791535 98
30178647 98
30733934 100
29122739 98
30220038 99
30259451 99
30544551 99
30412981 100
31025563 100
30001293 97
30067296 98
29459958 100
29934250 99
31141427 100
30073581 100
30959699 100
30103868 100
29743671 98
29915134 98
30973008 100
30744613 99
30159762 100
30255954 100
30669036 100
30416783 99
30662787 99
29811834 100
30593505 100
29826916 99
30809872 100
30736166 99
29719602 97
29561221 99
30666791 99
30008445 100
29974668 98
30650301 99
29832336 100
30440761 98
28773026 96
29338735 100
30244711 98
30942752 100
29836266 99
31207183 100
30787635 99
29566906 97
29657092 99
30493808 99
31118632 100
29929790 97
31203179 99
30599722 99
29896467 99
30884676 100
29884762 99
29852306 99
29835309 99
29905944 98
29915380 100
29450775 99
30692014 100
29992917 99
30662465 100
30145400 100
30534880 99
30861895 100
30879223 100
28845690 100
30765473 100
30619913 98
29699701 100
30650680 100
29701327 97
30063493 99
31008995 99
30160212 99
30074757 100
29964485 99
30723573 100
30819938 100
29944304 98
30523094 100
30743456 100
30016635 100
30525328 99
30384863 99
29555946 97
31182394 99
30779634 99
31096828 100
29842259 100
29995475 99
29655578 99
29392163 98
29770821 100
30372940 100
29683712 97
30118934 99
30503185 99
29028365 99
28556915 96
30712356 99
30465152 98
30488453 99
30125614 100
30587571 100
31034764 100
30180527 100
30045050 99
31019011 99
29280295 98
29967610 100
31094638 100
30599453 100
30784866 100
30932653 100
30327244 100
30201941 99
28847714 98
30338394 100
29401043 97
30891424 100
30684568 99
29979097 99
30787691 100
29691407 99
30007710 100
31093004 99
30090529 99
30768868 99
30472987 100
30149224 99
29889731 100
30298349 98
30363447 100
30129453 100
29940803 100
28897176 97
29722538 100
29859261 98
30984752 100
30898278 100
30614447 99
30421615 100
30111424 99
30559164 99
30987207 99
29722676 97
30851678 100
30396675 100
29548695 99
30321831 100
30396547 99
30441830 99
30437413 99
30717357 98
29887265 98
31602090 100
29980927 98
30032993 100
30530891 100
30566145 100
30218008 99
31374644 99
30698898 100
31100524 98
30017320 98
29946548 100
30001515 99
31048945 100
29252879 97
28994551 100
30116184 99
30877175 100
29930921 100
31475538 100
30583999 99
29913940 98
30325505 100
30972193 100
29643818 98
30835477 100
30223476 99
30952288 100
30396790 100
30268650 96
29431010 99
30562860 98
30668565 100
30202200 98
30315553 100
30694736 98
30374606 99
29509068 100
30441861 99
30110521 99
29464432 99
30897579 100
30136480 99
31312356 100
30758336 98
31191376 100
29859776 99
29819897 99
30923892 100
29974166 98
30307149 99
29422040 100
30098290 100
30081378 99
29815230 99
30674016 100
30834268 98
29411671 98
30230531 100
30866648 100
30267267 98
29126673 100
30134200 99
29998253 100
29688618 99
30536382 100
30319650 100
30031598 99
30422871 100
29948449 98
29853729 100
29767252 99
30239061 99
30478525 98
29640957 98
29943559 99
30121344 98
30408064 99
29747522 98
29495753 98
31778187 99
29346874 99
30433422 99
29234225 100
30790419 99
29559387 100
29888539 100
30537577 100
29173694 98
30213734 99
29282960 99
30095295 98
30454796 99
30950805 100
31572534 100
30306466 100
30556542 99
30345459 100
29898385 100
30100734 99
29907332 98
29714758 99
30820019 100
30859744 99
30472602 100
30127798 99
29416296 99
30943233 100
30091874 100
29857285 100
30944077 100
30208843 100
30430878 99
29947042 98
30292278 100
30753689 99
29984068 100
30321527 99
30368807 99
31186626 100
31315634 100
30266805 99
30460997 100
30364974 100
30561271 100
30292734 100
29858857 100
30868793 100
31546097 100
30789864 99
30230539 100
28957675 98
29425028 100
30360839 98
30805265 100
30346417 99
29983832 99
30404273 100
30302687 98
30170079 99
29801653 100
30431582 99
30142802 99
30007694 99
30833953 99
29559240 100
29452574 99
30477718 99
30264895 98
29250152 99
29265963 98
31374931 100
30397194 100
30256347 98
29079588 98
30203552 98
29599005 98
30508212 99
31571178 100
30412614 99
29947934 99
30208112 100
30270521 99
30470090 100
31059872 100
30540135 99
31480140 100
30728394 100
29355470 98
30580661 98
30419738 99
29872119 100
29975764 98
31353837 98
30364607 99
29734611 99
29831750 99
31285128 99
30679259 99
29940926 100
30318566 99
30316100 98
30852063 99
29195580 98
29997911 99
30640978 100
30512395 100
30152157 100
28886849 100
29232075 100
30261824 99
30461427 100
31249975 100
30713009 99
29739094 98
30725359 99
28851172 97
29752355 99
29935702 100
30706436 100
30993089 99
30992916 99
28770101 99
30899113 100
30937967 100
30161623 100
29714862 99
29670821 99
30044296 99
30528377 99
30910461 100
30887218 99
30323697 98
30352715 99
30929582 100
29593437 97
29930427 99
30700247 100
30322316 99
30953838 98
30714980 98
30246432 100
31136393 99
30297137 100
30904362 99
30627203 100
28828171 99
30220201 100
30121083 98
29691142 98
30811938 99
29956232 99
31194371 100
30552069 100
30127203 99
30017290 99
30515578 97
30396295 99
29903271 99
30969918 100
30123512 100
29397014 97
30164246 97
30432000 100
29112833 99
29851520 100
30424983 99
30526551 100
31238373 99
29426551 98
30202262 99
30442801 99
30195229 99
30147337 99
30301642 99
30090373 100
30408115 100
30654414 100
31202839 100
31278936 100
30905080 100
29746670 100
30280028 100
30533381 100
30336554 100
30987852 99
30852689 99
30083877 97
30515840 100
30483970 100
30051105 99
30291535 100
30583266 100
30049489 99
31013342 100
30324756 98
30382558 99
30866078 99
30528961 99
29756189 96
30212902 98
30955448 100
30623727 99
29697857 98
31183817 99
29918339 100
29066067 100
29981487 99
30240089 99
30223772 99
30555993 100
29785439 99
31082780 100
30932526 100
30688933 100
31055293 100
29550706 99
30015386 99
30585865 100
30253846 100
31261147 100
31034381 99
30044739 100
30015732 100
29983509 100
29706599 98
30760569 99
30792570 100
29439566 98
31409380 100
30542731 99
31173788 99
30296844 99
30676066 100
31455974 100
30009250 99
30108764 97
30612854 99
30026230 99
29778654 99
29053841 97
29695914 99
30172655 99
30884700 98
29487433 99
29669364 100
29968408 98
30733406 100
30452390 99
30750670 98
30096974 99
30555175 98
31463244 100
31122522 98
30938964 99
29006455 98
31401988 100
30924049 100
30686154 100
30287215 99
30237874 99
29959479 98
30624717 100
31096264 100
30362681 99
30385752 100
31032435 100
30598689 100
30977512 99
30935074 98
30152873 99
30954802 99
30448617 99
29336736 99
30362840 99
30658210 99
30697951 100
30150134 99
30513738 98
30379860 100
30015688 99
30380997 99
30269714 98
29862711 98
30926089 100
30942022 100
31207854 100
31229756 100
30670486 100
29545190 96
30430609 99
29804790 99
29168325 98
30989381 100
30030263 98
30361006 100
30578671 99
30478033 99
32070911 100
30914941 99
31058813 100
30597709 99
30463657 100
29243611 99
29132181 99
30742183 100
29896912 98
29917691 100
30002786 100
30516012 100
29825707 99
31045549 100
30575294 99
30732029 100
29667603 98
30776416 100
29563093 99
30549241 98
30706672 100
30322084 99
29837675 98
30150555 99
29601732 96
30216673 99
29644023 96
30113701 100
30288986 100
29765564 99
29694848 99
30448852 98
30651594 99
29307211 100
30722333 100
29914625 99
30444763 100
30394845 100
30342263 100
30683489 100
30480846 99
29987280 99
30377172 99
30512403 99
30797607 100
30133494 100
29440219 98
30548267 100
29852912 100
30474586 100
30613333 99
30347254 100
30529315 100
29964253 100
30530123 100
30208814 99
31094370 98
29974056 99
30300463 99
29241348 98
30916378 100
29262424 99
29902403 100
30102828 100
29836277 98
31042760 100
30842102 100
30047974 99
30732675 99
30963558 100
29916336 99
30282826 98
30725851 100
29896874 99
29947388 98
30674223 100
29604831 100
30495420 100
29819449 97
30778392 100
29873566 99
30449736 100
28903605 99
30681053 100
30304000 100
29637696 99
30240295 100
30162639 98
29804257 100
30607746 100
31141579 100
29314217 97
30577583 97
30519719 99
31331969 98
30486835 100
30090236 99
30825419 98
29301897 100
28923440 98
29843923 99
30503935 100
30786800 100
29647134 98
30177168 98
29483514 100
29694639 99
30688351 98
30307978 100
30309540 99
29686393 98
30272535 100
30800957 100
29767190 98
30131705 100
30521643 100
31034136 100
28956174 98
30379645 98
30322098 100
29819510 99
28407606 98
30198630 100
29519946 97
30348728 100
30960823 100
30585584 99
29839165 99
30080187 99
30263554 99
30056268 99
29993034 100
31017851 100
30631471 99
30814160 100
31427650 100
30655457 100
29435199 100
30468545 99
30152695 100
31036642 100
30466730 100
30698203 99
30847410 99
30848656 100
30355761 100
29592968 97
30842452 99
29661720 99
29922605 98
29307482 99
30365508 99
30315715 100
31270632 99
30618156 100
30918260 99
30346859 100
30326892 99
30598320 99
30865503 99
29289410 99
29562843 100
29683690 97
29783719 99
31355147 100
29087090 97
30696172 99
30358757 99
30393024 100
29805076 99
30369307 99
30192607 98
30023662 100
30016928 100
30188353 100
29874978 98
29922706 99
28753517 97
30570090 99
30229306 100
31299640 100
28977700 99
30014027 99
30178324 100
30560437 99
30398218 99
30618568 100
29689811 100
30396034 100
30713165 100
29918204 100
30198190 100
30993470 100
30956828 99
31405949 100
29967936 100
31035467 100
30509927 99
29987245 100
30686984 100
30190251 99
29058090 99
30035705 98
30034532 99
29588117 98
30659368 100
30017602 99
30150654 99
30450597 99
29873565 97
29911999 99
29252908 99
30907002 98
31024780 100
31258911 100
30084071 99
30346728 99
29598629 100
30645606 100
30284474 98
31451731 100
30026594 98
29664061 99
29951162 100
30554406 99
29773826 99
30639185 99
30079255 98
29783014 100
30320958 98
29949668 98
30366241 99
30195122 100
31124883 100
30743498 100
29898497 100
31533339 100
30185847 100
29858403 98
29946745 99
29610906 98
29915083 98
30806257 100
30458566 99
31228590 100
30123163 98
31362403 100
30420271 99
30123146 98
30701217 100
30445698 100
30425880 100
30413801 100
30819043 100
30537496 99
31019626 99
29697627 98
30736932 98
29962582 99
29470438 99
30162507 100
30691812 98
30367967 100
30204513 99
31002438 100
30680120 99
30585015 99
31412389 100
30508623 99
30403645 100
30912745 98
31712132 99
30175938 100
30562115 99
29288212 99
30311390 100
30517686 100
30573632 100
30461118 100
31120026 100
31522755 100
30141267 99
30077103 100
30507582 100
30630268 100
29880236 99
30804829 100
30951002 100
30027357 100
31370490 100
30552616 99
29654273 98
30147086 98
30808414 100
30593742 100
30398669 100
29519900 99
30875523 100
31178395 99
29772265 99
29879507 98
29615934 96
30215435 97
30733339 99
29746842 100
30686320 100
31106677 100
30405780 99
30324510 99
29992628 98
30380290 98
30196912 100
30541509 100
30074232 99
30352570 100
30382546 99
30904515 100
30900073 100
29713989 100
30313497 100
31049681 100
30496751 100
30630910 99
30343517 100
29743852 99
29096550 97
29990202 99
30755794 100
30524237 100
30252695 99
30485308 100
29853920 99
28360262 96
29414073 98
30157862 100
30330925 98
30282034 100
30081928 100
30924148 100
30268296 99
31123562 99
30383169 99
30782567 100
29315826 97
30890470 100
29435983 97
29950207 99
31062856 99
29941737 98
30891108 100
30512589 100
29938636 100
30620586 99
29592609 96
30206229 99
29475080 98
31164019 100
29415547 97
30294961 100
30292495 99
30398082 99
30756734 98
30131167 100
30686586 99
30438429 100
30653822 100
29671026 99
28816943 96
31006773 100
30504917 99
30898831 98
30940275 100
30988247 99
29172225 98
30047690 99
30936649 100
30136321 100
30691346 100
28669310 97
30540978 100
30845503 99
30422028 100
29797558 99
29735188 100
30476212 100
29909591 98
30932162 99
30069324 99
29576770 98
29136301 98
30470640 99
30787964 100
30449663 99
29893227 100
30613856 100
30922913 100
29513481 99
31273222 100
30686804 100
30824690 99
30812011 100
31212211 100
30950347 99
30321903 99
31466945 100
29367206 100
30291554 99
31204646 100
31392105 100
30655219 100
29767040 100
30601623 99
30336459 99
30395469 98
31060838 100
29802157 99
30645226 100
30219960 100
30290689 100
30721196 100
31015240 100
30674199 100
30395232 100
29861429 100
29826955 98
30064529 99
28526993 96
30399875 99
30840161 100
30227051 99
30889785 100
30086074 100
30581466 98
30779278 99
30296041 100
30487678 99
29858715 99
30639627 98
31073578 100
29945831 100
29263632 96
29704006 98
31232454 99
29790330 100
30525667 100
30563062 99
31298553 100
29961544 99
30144470 99
30662080 100
30093030 99
30397485 98
30022897 100
30768246 99
30285297 98
30491219 99
30072824 100
30591409 100
30331397 99
31291159 100
30782307 99
30692968 100
30991778 100
29807702 99
31192881 99
31250109 100
30275746 100
29797366 96
30714467 100
30486783 99
29175161 100
30808993 100
31026338 100
30415728 99
30603332 100
30971575 99
30256606 99
29858608 98
30131096 99
30556232 100
30005729 99
29232536 100
30626728 99
29694369 100
29197536 100
30890826 100
30756249 100
30460815 98
29516048 98
30611819 98
29857238 99
30242122 100
31378916 100
30454676 100
29947939 98
30283145 98
31343619 100
30765902 100
28826548 100
30811016 100
29287080 99
30418512 99
30092903 99
28388863 96
29375783 99
30308759 100
31025189 99
30713741 99
30217818 98
30417685 100
29645902 100
29316138 96
30625140 99
30933403 99
30491164 99
29068202 98
30605233 99
29584245 98
30386670 100
30523105 99
30745859 100
30332529 100
30456262 100
30001744 97
30594265 99
30061187 99
29376140 100
31140087 100
31080910 100
29497085 100
30297836 100
30433540 99
30444728 97
30141107 99
29802121 100
30643845 100
30386180 100
29509938 99
30814327 100
30254214 100
30204235 99
30338227 100
29760630 99
30690534 100
31223367 100
30969756 99
31196895 100
31242726 100
31327520 100
30845354 100
30522094 98
30896182 100
31312714 100
30120854 100
28952708 98
29438373 98
29725992 99
30410367 98
30869054 100
29745082 98
31464866 100
29400715 98
31251659 100
30793649 99
30340923 100
30707970 99
30470563 100
29468610 98
30189403 100
29943587 100
30222962 100
30411590 99
28875346 98
29588572 99
30284708 100
29221642 100
31113006 100
30378492 97
31034229 99
30257409 98
30849127 98
30781869 99
29703647 100
29982206 99
30416550 99
29554828 100
30838372 98
30155549 100
30873961 98
29380584 96
31151251 100
31149982 100
30863439 100
30505248 98
31074174 100
31340680 99
30843227 100
30835114 99
30555366 100
31676143 99
31588992 100
29651735 98
30146758 98
30475648 99
29917560 100
29289914 100
30636372 100
30574773 99
30134295 100
31088989 100
30605324 100
29198238 97
30842603 99
30682223 99
29438464 99
30680247 98
30933921 99
30459440 100
29645197 99
30822389 99
30643491 100
31263458 100
30733350 100
29594662 98
30788156 100
31121805 98
29515932 98
30662876 99
30589419 100
31461804 99
29019350 98
31039091 100
30275098 99
30227946 100
30864020 100
30519711 99
30534665 99
30514217 99
30835117 100
30404124 98
30650129 100
30840174 99
30394852 100
29938284 98
30922064 99
29931209 100
29937905 99
29771927 98
29956781 100
30388538 99
29895165 100
29821512 100
30402612 99
30006533 98
30654830 100
30232181 99
29992781 98
29614926 99
30765640 100
30851453 98
30106796 99
30575458 99
30269610 100
30384797 99
28955673 99
30022635 98
28776018 98
30870177 99
30756171 99
30934528 99
30178737 100
30561406 100
29016356 99
30982975 98
30925500 100
30080136 99
30638418 100
30721325 99
29196943 98
30381131 100
30309449 100
30240064 100
30647772 100
29659918 97
29582346 99
30556151 100
30002481 99
30278525 100
29710665 100
30564405 98
31148180 100
30546813 99
29364472 100
31030884 100
31251862 100
30511161 100
29922682 98
30771116 100
30641360 100
30148761 99
30668273 100
30845980 100
30475911 100
30595724 100
30881874 100
30560352 99
30513310 99
29741588 99
30816924 99
30318530 99
30933963 99
30358445 100
30758948 100
31713392 100
30205520 100
29503605 99
30713452 98
30618985 99
31198785 100
29976635 97
30830952 100
29708660 99
29566451 97
29873819 97
29669027 98
30697965 99
30885495 99
30946064 100
31254851 100
30162874 98
31406279 99
30562651 100
31018844 100
28980337 97
31044270 100
29973302 99
30586098 100
30617506 99
31287735 100
31065028 99
29705986 99
29316647 98
29561549 96
30271409 100
29825651 99
28875616 98
31026240 100
29529983 97
31209145 100
31135746 100
30177324 98
30699468 100
30880052 100
31107162 100
30426344 100
30713045 100
30197750 99
29460586 100
30791690 100
29883017 99
30856755 99
30344403 100
29336981 98
29426970 98
30131753 100
31172983 100
30392034 100
30826479 99
29979643 99
30014439 99
29736864 99
31234142 99
30621074 100
30700729 100
30771668 100
30514121 99
30486232 99
30656657 100
30450952 100
30206468 100
30344871 100
29520558 99
30712812 100
30572118 100
30602120 100
29346511 98
29950925 99
30175728 98
30400089 100
30730182 100
30941347 100
29999931 100
30002201 98
29209007 98
30615780 99
30380305 98
30352567 99
31029522 98
30125234 98
30055338 99
31739280 100
30273773 99
29553869 99
30224619 100
30659111 100
29817245 98
30916292 100
30418551 100
31466759 100
30489648 99
30033252 99
30040879 99
31035508 100
30816782 99
30459798 100
30988438 100
31175279 99
30229182 99
30540243 100
31179039 100
29841771 99
29743594 99
30238138 99
30750938 98
31499293 100
31581558 100
29959825 99
29535984 98
30583864 99
30288699 100
30193729 99
30841719 100
30618969 100
29871698 97
31465988 100
29570995 99
29887303 98
30354479 99
31752481 100
30163723 99
31441078 100
30214323 98
30574359 97
30710811 100
30067647 100
30354259 98
30260933 100
30364969 100
30239593 100
29591477 98
30207533 100
31370749 100
29548434 98
29573859 97
29917864 98
29908590 100
31111856 100
31265421 99
29839977 100
30364098 98
30220235 98
29433144 99
30800202 100
30176175 100
29107797 99
29299977 99
30114672 100
29823896 99
30364831 99
29071416 99
30433360 100
31297439 100
30200876 100
29302033 100
30484236 100
31077602 100
31042120 100
30998925 100
30553544 100
31302500 99
29693382 98
29888356 99
30838332 100
30885876 100
30315336 99
29496108 99
30377524 100
30112860 100
30737274 100
30452312 100
30347572 100
30201152 97
30594859 100
31629425 100
30691526 99
29485661 98
29987059 99
30608887 98
30271807 99
30392528 99
29519661 99
29493381 97
30491408 100
29711489 98
30007309 98
30301729 100
29969574 100
30794726 100
30480007 99
30543793 100
30492248 100
30782325 100
30269903 99
30774282 99
31401258 99
30829207 100
30895310 100
30060187 99
31509123 100
30850405 100
30843941 100
30237848 99
30447109 96
30578361 100
29816267 98
30387640 99
30544299 99
31277110 100
28766987 98
31031257 100
29433108 99
30437070 100
30738465 99
31432040 100
31000381 100
30814727 100
29470658 100
28899226 98
30604723 100
30537539 100
30806326 99
30633824 100
29503944 100
31139562 100
29735088 100
30487528 98
31354475 100
30649412 100
29938993 99
30918404 99
31279346 99
30555198 100
29947123 99
30021283 100
30094965 99
30636484 100
29640694 99
30630119 100
30662320 98
30862214 99
30862558 100
30289169 99
30575351 98
29954553 100
30428524 99
29995262 98
29865301 100
29183200 99
30283921 99
31074956 100
30822037 99
31022501 99
30603136 100
30572806 99
30207417 99
30358322 100
30206313 98
30962830 100
30743705 100
30126899 100
31055974 100
30158066 100
31149213 100
29946204 100
30015204 98
30036382 98
30464988 98
29632546 100
30646638 100
30996223 100
29891641 100
30274800 100
31017163 100
30291254 98
30092809 100
30371602 99
30583675 98
30533472 100
30158126 99
30500619 98
29865333 100
29501499 100
29877344 100
30871934 100
30454037 100
30267431 97
30721451 99
29867678 99
30563106 100
31135447 100
31023462 100
31293621 100
31229764 100
29997717 99
30307852 100
30584079 100
29581318 99
30786965 100
30853370 100
29256023 98
30221838 98
30306220 100
29279358 97
30628266 100
31218072 100
30146056 100
31081377 100
30996719 99
30156340 100
31568001 100
29489037 97
29961411 99
30749655 100
31412526 100
30116864 100
29390843 98
29778912 100
30076414 99
30423806 99
30848593 99
30969579 100
29687465 100
30875520 99
31326940 100
30450140 100
30568282 99
30421556 99
30221139 100
29576261 100
30357415 99
30459503 100
30614887 100
29839281 99
30645055 99
30982611 99
30145287 100
31074611 100
30965263 99
30751607 99
30181236 100
30637789 100
30302383 97
31437130 100
30094928 100
30186369 99
29772570 100
30023683 99
30753443 99
29465933 99
30657299 100
29806371 99
29649430 100
30755513 98
30664654 100
31011422 100
31004163 100
30201119 100
30558612 100
30707910 100
30220398 97
30141382 99
29774019 100
30449084 100
31137702 100
29208284 98
30272240 100
29805944 99
29687375 99
30928823 99
29293465 98
30461723 99
30978228 100
30678950 99
30391609 98
